256 256 10.0
/home/burak/coco_dataset/unlabeled2017/000000176439.jpg 3.000 0.000 158.400 218.819 0.248 0.633 0.242 -0.113 1.287 1.147 1.267 1.362
/home/burak/coco_dataset/foreground_objects/5c6404aee4b8dd029ff25b55.png 3.000 0.000 324.656 80.005 -1.167 3.507 -3.663 7.550 0.555 0.412 0.728 1.103
/home/burak/coco_dataset/foreground_objects/rccar2.png 3.000 0.000 2.086 -159.793 -0.113 -0.785 2.270 -2.952 0.492 0.563 0.872 0.527
/home/burak/coco_dataset/foreground_objects/5aead1c86554160a79be9fb0.png 3.000 0.000 355.231 636.576 -1.314 2.536 0.655 -1.788 0.557 0.761 0.501 0.454
/home/burak/coco_dataset/unlabeled2017_png/000000189120.png 3.000 0.000 169.478 -67.437 4.564 -10.081 -3.367 8.710 0.295 0.566 0.218 0.354
/home/burak/coco_dataset/unlabeled2017_png/000000187918.png 3.000 0.000 24.232 455.976 -0.579 2.444 -1.202 8.574 0.322 0.416 0.280 0.294
/home/burak/coco_dataset/unlabeled2017_png/000000189486.png 3.000 0.000 293.691 73.973 4.144 -12.656 -1.884 5.714 0.536 0.451 0.297 0.280
/home/burak/coco_dataset/foreground_objects/5a0586a79cf05203c4b603ca.png 3.000 0.000 324.869 607.213 0.590 -3.079 -4.312 18.034 0.725 0.848 0.730 1.004
/home/burak/coco_dataset/foreground_objects/58987664cba9841eabab6173.png 3.000 0.000 334.164 701.023 -2.919 4.538 -10.357 15.286 0.887 0.509 0.761 1.093
/home/burak/coco_dataset/unlabeled2017_png/000000187778.png 3.000 0.000 347.226 621.067 15.406 -3.210 -12.954 3.454 0.516 0.403 0.261 0.237
/home/burak/coco_dataset/unlabeled2017_png/000000190657.png 3.000 0.000 323.203 596.746 1.011 -1.834 -0.131 -0.293 0.224 0.533 0.568 0.532
/home/burak/coco_dataset/unlabeled2017_png/000000188982.png 3.000 0.000 327.452 692.755 0.122 -0.712 -3.874 3.339 0.283 0.455 0.496 0.280
/home/burak/coco_dataset/foreground_objects/French-Dip-PNG-Photos.png 3.000 0.000 205.818 -151.334 -0.406 0.248 -0.058 -0.001 1.079 0.551 0.432 0.551
