256 256 10.0
/home/burak/coco_dataset/unlabeled2017/000000287599.jpg 3.000 0.000 308.709 212.770 -0.287 -0.450 -0.554 -0.282 1.315 1.409 1.027 1.351
/home/burak/coco_dataset/foreground_objects/5aead1c86554160a79be9fb0.png 3.000 0.000 306.872 349.709 0.428 -0.590 -0.347 0.295 1.156 1.065 0.612 0.448
/home/burak/coco_dataset/foreground_objects/59bedb387a216d0b052f128d.png 3.000 0.000 200.577 209.658 0.336 -1.131 0.006 0.713 0.819 0.837 1.189 0.987
/home/burak/coco_dataset/foreground_objects/Turkey-PNG-File.png 3.000 0.000 266.280 258.487 -1.429 0.672 0.638 -0.942 1.099 0.699 1.121 1.170
/home/burak/coco_dataset/unlabeled2017_png/000000189320.png 3.000 0.000 13.069 -36.930 -0.077 0.241 4.077 -0.746 0.352 0.285 0.329 0.501
/home/burak/coco_dataset/unlabeled2017_png/000000188226.png 3.000 0.000 18.439 -52.929 0.556 -3.855 0.639 -4.815 0.421 0.224 0.545 0.292
/home/burak/coco_dataset/foreground_objects/5afac6146554160a79bea116.png 3.000 0.000 103.756 -21.611 1.563 -1.063 -0.162 0.579 1.190 0.666 0.891 0.985
/home/burak/coco_dataset/unlabeled2017_png/000000190665.png 3.000 0.000 201.237 216.084 0.058 -0.269 0.383 -4.408 0.238 0.331 0.308 0.313
/home/burak/coco_dataset/unlabeled2017_png/000000188557.png 3.000 0.000 159.720 237.539 0.803 -1.009 1.124 -0.929 0.313 0.269 0.520 0.241
