256 256 10.0
/home/burak/coco_dataset/unlabeled2017/000000384067.jpg 3.000 0.000 126.615 -200.599 -0.380 0.451 -0.291 -0.546 1.255 1.005 1.479 1.003
/home/burak/coco_dataset/foreground_objects/5a0586a79cf05203c4b603ca.png 3.000 0.000 248.000 3.791 -2.491 1.352 -27.236 23.153 0.738 1.104 0.637 0.697
/home/burak/coco_dataset/foreground_objects/Banana-PNG.png 3.000 0.000 171.295 -341.137 -0.691 -0.009 0.090 -0.146 0.610 0.810 0.747 0.864
/home/burak/coco_dataset/foreground_objects/580b585b2edbce24c47b2745.png 3.000 0.000 42.541 -286.825 4.095 -12.374 -1.855 5.615 0.667 0.608 0.475 0.809
/home/burak/coco_dataset/unlabeled2017_png/000000189908.png 3.000 0.000 108.285 638.308 -0.098 -0.199 0.438 0.426 0.422 0.552 0.554 0.351
/home/burak/coco_dataset/unlabeled2017_png/000000191171.png 3.000 0.000 206.328 -35.560 7.182 -4.211 -2.152 1.869 0.362 0.549 0.455 0.475
/home/burak/coco_dataset/unlabeled2017_png/000000000548.png 3.000 0.000 105.457 -211.636 -0.146 3.747 -0.597 4.826 0.375 0.309 0.593 0.411
/home/burak/coco_dataset/foreground_objects/59db61da3752880e93e16edf.png 3.000 0.000 56.226 287.408 1.213 -7.583 -0.651 3.598 0.525 1.132 0.984 1.038
/home/burak/coco_dataset/foreground_objects/Zebra-PNG-Transparent-Photo.png 3.000 0.000 224.544 312.512 0.391 0.332 -0.393 -0.295 0.799 0.530 0.935 0.507
/home/burak/coco_dataset/foreground_objects/58c7e84ce665570916c653a9.png 3.000 0.000 350.257 -8.902 0.370 0.140 -0.524 0.247 0.485 0.958 0.449 0.567
/home/burak/coco_dataset/unlabeled2017_png/000000188521.png 3.000 0.000 157.783 -170.933 -1.112 3.160 -5.298 12.262 0.480 0.326 0.533 0.489
/home/burak/coco_dataset/unlabeled2017_png/000000190051.png 3.000 0.000 313.031 887.087 20.138 -4.257 5.060 -0.942 0.309 0.387 0.407 0.311
/home/burak/coco_dataset/unlabeled2017_png/000000188743.png 3.000 0.000 351.354 231.318 -4.055 2.873 1.562 -0.794 0.436 0.349 0.208 0.513
/home/burak/coco_dataset/unlabeled2017_png/000000191354.png 3.000 0.000 207.958 422.170 -22.744 10.471 17.555 -8.726 0.381 0.499 0.572 0.588
/home/burak/coco_dataset/unlabeled2017_png/000000188538.png 3.000 0.000 245.027 703.810 0.970 -0.761 5.339 -9.236 0.277 0.277 0.540 0.450
/home/burak/coco_dataset/foreground_objects/5954ca93deaf2c03413be389.png 3.000 0.000 150.024 177.855 0.455 0.376 -0.808 2.000 0.478 0.830 1.118 0.562
/home/burak/coco_dataset/foreground_objects/580b585b2edbce24c47b2746.png 3.000 0.000 125.920 48.746 44.549 -20.259 -12.088 6.038 0.459 0.512 1.020 0.848
/home/burak/coco_dataset/unlabeled2017_png/000000189145.png 3.000 0.000 135.593 -44.380 25.036 -5.860 17.880 -4.498 0.366 0.490 0.453 0.578
/home/burak/coco_dataset/foreground_objects/5a902068b15d5c051b369056.png 3.000 0.000 39.294 548.018 1.335 -0.846 -6.904 2.597 0.460 0.648 1.108 0.932
/home/burak/coco_dataset/foreground_objects/Grain-PNG-Photos.png 3.000 0.000 303.079 470.437 -2.733 8.410 0.606 -2.694 0.477 0.851 0.756 0.958
