256 256 10.0
/home/burak/coco_dataset/unlabeled2017/000000085420.jpg 3.000 0.000 91.910 194.168 0.200 0.074 -0.547 0.046 1.166 1.261 1.191 1.084
/home/burak/coco_dataset/foreground_objects/5954ca7fdeaf2c03413be386.png 3.000 0.000 335.835 319.747 1.434 -0.400 -2.369 0.415 0.809 0.985 0.508 1.173
/home/burak/coco_dataset/unlabeled2017_png/000000189360.png 3.000 0.000 321.578 278.737 0.108 0.665 -0.827 0.260 0.294 0.471 0.406 0.420
/home/burak/coco_dataset/foreground_objects/580b585b2edbce24c47b27c5.png 3.000 0.000 139.544 111.210 2.699 0.080 2.827 0.053 0.868 0.514 0.532 0.645
/home/burak/coco_dataset/foreground_objects/Dirty-Pig-PNG.png 3.000 0.000 142.587 145.250 0.645 -0.234 -0.374 0.779 0.720 0.958 0.717 0.472
/home/burak/coco_dataset/unlabeled2017_png/000000190820.png 3.000 0.000 171.770 276.315 -1.683 3.540 0.577 -1.061 0.461 0.235 0.387 0.390
/home/burak/coco_dataset/unlabeled2017_png/000000189582.png 3.000 0.000 206.552 153.326 -0.209 3.738 -0.155 0.917 0.458 0.478 0.245 0.290
/home/burak/coco_dataset/foreground_objects/Beaver-PNG-HD.png 3.000 0.000 47.685 86.103 -0.166 0.150 -1.350 1.697 1.161 0.924 0.577 1.130
/home/burak/coco_dataset/unlabeled2017_png/000000188045.png 3.000 0.000 190.622 77.141 0.707 -0.185 -0.307 0.468 0.229 0.523 0.392 0.524
