256 256 10.0
/home/burak/coco_dataset/unlabeled2017/000000377482.jpg 3.000 0.000 171.402 235.901 -0.034 0.687 -0.208 0.219 1.074 1.115 1.061 1.149
/home/burak/coco_dataset/unlabeled2017_png/000000000343.png 3.000 0.000 155.351 106.614 -1.029 0.660 -0.194 0.549 0.496 0.444 0.474 0.319
/home/burak/coco_dataset/foreground_objects/58c7f157e665570916c653f5.png 3.000 0.000 172.368 86.806 -1.123 0.176 -5.260 0.881 1.038 0.616 0.638 0.974
/home/burak/coco_dataset/foreground_objects/squid2.png 3.000 0.000 206.134 344.110 -0.333 0.086 0.160 -0.271 0.792 1.054 0.916 0.591
/home/burak/coco_dataset/foreground_objects/58b83b5515d8273a5cab2f90.png 3.000 0.000 305.607 347.415 0.031 0.066 0.028 0.578 0.567 0.897 1.054 0.775
/home/burak/coco_dataset/foreground_objects/Labrador-PNG-Picture.png 3.000 0.000 291.815 258.500 2.227 0.090 -0.582 0.177 0.937 0.713 0.830 0.785
/home/burak/coco_dataset/unlabeled2017_png/000000000576.png 3.000 0.000 97.156 209.518 -1.878 1.114 1.651 -0.555 0.541 0.546 0.324 0.307
/home/burak/coco_dataset/unlabeled2017_png/000000189320.png 3.000 0.000 117.089 260.468 0.006 -0.041 0.334 0.302 0.264 0.440 0.239 0.475
/home/burak/coco_dataset/unlabeled2017_png/000000000313.png 3.000 0.000 164.782 297.925 -0.302 -0.375 0.264 0.139 0.592 0.405 0.308 0.470
