256 256 10.0
/home/burak/coco_dataset/unlabeled2017/000000040502.jpg 3.000 0.000 83.000 92.672 -0.466 -0.076 0.371 0.014 1.230 1.158 1.167 1.256
/home/burak/coco_dataset/foreground_objects/5996e4a99c43bb35d25d73a5.png 3.000 0.000 31.359 133.964 -1.695 4.539 -4.508 9.531 1.129 1.016 0.654 0.722
/home/burak/coco_dataset/unlabeled2017_png/000000192088.png 3.000 0.000 5.771 108.861 -0.343 -0.391 -0.381 -0.355 0.433 0.361 0.279 0.218
/home/burak/coco_dataset/foreground_objects/580b585b2edbce24c47b27b2.png 3.000 0.000 320.207 699.339 -3.084 17.238 -0.563 0.905 0.930 0.571 0.514 0.905
/home/burak/coco_dataset/foreground_objects/5b44bd6ce99939b4572e32c3.png 3.000 0.000 63.738 374.872 -2.219 3.173 1.607 -3.037 0.819 0.725 0.515 0.781
/home/burak/coco_dataset/unlabeled2017_png/000000189964.png 3.000 0.000 125.840 13.390 -0.517 0.140 5.107 -1.393 0.430 0.448 0.475 0.349
/home/burak/coco_dataset/unlabeled2017_png/000000188262.png 3.000 0.000 0.630 -288.401 1.129 -4.705 1.041 -5.028 0.488 0.237 0.568 0.280
/home/burak/coco_dataset/foreground_objects/Carpet-PNG-Photos.png 3.000 0.000 18.113 -373.557 -2.026 3.885 -5.837 14.499 0.472 1.194 0.767 1.082
/home/burak/coco_dataset/foreground_objects/59bedb387a216d0b052f128d.png 3.000 0.000 334.260 655.705 -0.824 0.213 0.088 0.077 0.486 0.829 0.623 1.143
/home/burak/coco_dataset/unlabeled2017_png/000000000280.png 3.000 0.000 18.725 -389.815 0.255 -0.048 -5.777 0.512 0.373 0.461 0.418 0.297
/home/burak/coco_dataset/foreground_objects/59db61da3752880e93e16edf.png 3.000 0.000 179.979 -95.889 -4.292 6.672 -2.533 4.641 1.102 1.057 0.671 0.755
/home/burak/coco_dataset/unlabeled2017_png/000000192358.png 3.000 0.000 121.775 -212.404 -1.469 4.821 0.937 -5.499 0.468 0.346 0.226 0.341
/home/burak/coco_dataset/foreground_objects/58da61295f58be1227aec947.png 3.000 0.000 183.066 575.541 -1.893 1.445 1.635 -0.594 0.619 0.662 1.156 1.059
/home/burak/coco_dataset/foreground_objects/5a835b71abc3d121aba71297.png 3.000 0.000 50.069 -92.720 5.330 -5.955 1.306 -1.775 0.535 0.923 0.614 0.715
/home/burak/coco_dataset/foreground_objects/Sunflower-Transparent-PNG.png 3.000 0.000 28.028 -389.613 3.118 -1.402 -8.833 3.351 0.541 1.140 0.932 0.882
/home/burak/coco_dataset/foreground_objects/5a54e527edcceab89d2a2d71.png 3.000 0.000 110.995 310.463 -3.599 0.950 -4.510 1.161 1.108 1.051 0.917 1.010
/home/burak/coco_dataset/unlabeled2017_png/000000190797.png 3.000 0.000 43.550 482.407 -10.333 12.578 -5.952 6.667 0.595 0.433 0.359 0.572
/home/burak/coco_dataset/unlabeled2017_png/000000190358.png 3.000 0.000 75.186 255.552 8.773 -5.652 5.424 -3.756 0.464 0.373 0.508 0.494
/home/burak/coco_dataset/unlabeled2017_png/000000000561.png 3.000 0.000 193.726 -193.088 1.103 -3.207 2.354 -12.452 0.476 0.385 0.409 0.580
/home/burak/coco_dataset/unlabeled2017_png/000000190350.png 3.000 0.000 34.317 348.920 2.406 -6.555 -4.426 11.930 0.490 0.294 0.218 0.536
