256 256 10.0
/home/burak/coco_dataset/unlabeled2017/000000427019.jpg 3.000 0.000 107.348 235.627 0.603 0.212 -0.075 0.636 1.489 1.053 1.358 1.405
/home/burak/coco_dataset/foreground_objects/5996e4e69c43bb35d25d73a8.png 3.000 0.000 145.631 262.050 0.343 -0.471 -0.823 1.526 1.114 1.002 0.982 1.141
/home/burak/coco_dataset/foreground_objects/spider.png 3.000 0.000 74.891 36.490 -1.529 -0.154 5.084 -0.790 0.838 1.105 0.699 0.570
/home/burak/coco_dataset/unlabeled2017_png/000000190456.png 3.000 0.000 313.958 333.746 -0.203 -0.496 -0.301 -0.187 0.523 0.338 0.213 0.462
/home/burak/coco_dataset/foreground_objects/59bedb177a216d0b052f128a.png 3.000 0.000 104.984 -27.597 -0.555 -0.042 -1.683 0.778 0.717 1.101 0.525 0.866
/home/burak/coco_dataset/foreground_objects/5c6404c0e4b8dd029ff25b57.png 3.000 0.000 43.593 -15.291 -0.488 0.049 -0.431 0.260 0.638 1.048 0.583 0.702
/home/burak/coco_dataset/unlabeled2017_png/000000187893.png 3.000 0.000 112.578 189.616 -0.217 0.543 1.957 -2.203 0.590 0.352 0.454 0.354
/home/burak/coco_dataset/unlabeled2017_png/000000190800.png 3.000 0.000 159.520 245.209 -0.101 0.486 -1.018 1.188 0.299 0.538 0.213 0.347
/home/burak/coco_dataset/unlabeled2017_png/000000188188.png 3.000 0.000 242.166 302.196 -0.508 -0.118 0.037 0.146 0.431 0.512 0.588 0.440
/home/burak/coco_dataset/foreground_objects/5954bf12deaf2c03413be360.png 3.000 0.000 221.683 370.040 -0.389 0.587 0.222 -1.685 0.766 0.898 0.602 1.064
