256 256 10.0
/home/burak/coco_dataset/unlabeled2017/000000056454.jpg 3.000 0.000 237.041 284.816 -0.264 -0.271 0.468 -0.501 1.316 1.039 1.351 1.318
/home/burak/coco_dataset/unlabeled2017_png/000000191107.png 3.000 0.000 200.771 -65.315 -0.992 3.484 -0.009 -1.130 0.527 0.340 0.245 0.300
/home/burak/coco_dataset/foreground_objects/58da605c5f58be1227aec941.png 3.000 0.000 84.456 341.979 9.717 -5.259 -13.786 7.926 1.057 0.778 0.899 0.952
/home/burak/coco_dataset/unlabeled2017_png/000000189247.png 3.000 0.000 312.359 528.004 -4.536 1.679 0.489 -0.834 0.559 0.232 0.346 0.373
/home/burak/coco_dataset/unlabeled2017_png/000000191937.png 3.000 0.000 88.759 -295.469 -0.593 3.009 -1.178 3.622 0.399 0.323 0.351 0.408
/home/burak/coco_dataset/unlabeled2017_png/000000191963.png 3.000 0.000 202.849 343.595 4.189 -1.831 -1.720 0.850 0.428 0.418 0.374 0.249
/home/burak/coco_dataset/foreground_objects/Marigold-PNG-File.png 3.000 0.000 217.637 655.291 0.737 -0.651 -1.172 2.380 1.085 0.645 1.034 0.911
/home/burak/coco_dataset/unlabeled2017_png/000000192008.png 3.000 0.000 111.529 -46.140 -3.353 1.885 2.012 -0.955 0.386 0.594 0.585 0.296
/home/burak/coco_dataset/foreground_objects/589c89df64b351149f22a860.png 3.000 0.000 134.712 31.763 -3.966 11.040 -4.298 12.189 0.564 0.610 1.134 0.442
/home/burak/coco_dataset/foreground_objects/5a00dcd40e8525eec2752ff9.png 3.000 0.000 30.162 281.657 8.660 -2.389 10.029 -3.114 0.467 0.902 1.153 1.059
/home/burak/coco_dataset/foreground_objects/58987664cba9841eabab6173.png 3.000 0.000 18.095 179.975 2.994 -5.025 6.275 -11.796 1.097 1.116 0.752 1.108
/home/burak/coco_dataset/foreground_objects/5c0fce541e49f004df5e3870.png 3.000 0.000 50.079 397.474 -14.253 7.178 11.729 -6.548 0.515 0.991 0.564 1.103
/home/burak/coco_dataset/unlabeled2017_png/000000192096.png 3.000 0.000 138.113 470.848 -3.858 10.704 -1.177 2.985 0.475 0.511 0.306 0.569
/home/burak/coco_dataset/foreground_objects/Heart-Pendant-PNG-Image.png 3.000 0.000 92.880 195.290 -1.772 0.112 2.755 -1.028 0.992 1.139 1.136 0.869
